0.111942164046
0.738267456854
0.100701758453
0.813352559091
0.145567810002
0.348609882728
0.214912812617
0.99981690906
0.341915684571
0.21359146364
0.780204019344
0.281327668682
0.698539101925
0.338868428252
0.79995102487
0.494620596903
0.836845715437
0.0251182194954
0.954931841975
0.756155382138
0.0624979201815
0.583236122775
0.206966229961
0.690906321687
0.794974042188
0.309441369021
0.42866057998
0.683033274851
0.256430940946
0.768823763068
0.815835124391
0.407329557203
0.00374701600069
0.649248120319
0.593996824336
0.225154219673
0.456271725399
0.0568881664762
0.517207926477
0.999676845063
0.844044033024
0.288998788207
0.0231298326734
0.892512554441
0.495599459027
0.832897508704
0.663924076778
0.386613167386
0.639190450947
0.8398964731
0.670126558271
0.645295171767
0.0296229071617
0.924525120451
0.803220538337
0.118026216413
0.387823349578
0.35583416959
0.549072132534
0.499059094275
0.561406449687
0.253337321556
0.270125228755
0.523022910379
0.788026709354
0.533117480272
0.0934786158182
0.0918128936756
0.787326059764
0.813835960206
0.811990304304
0.407612863402
0.955851575474
0.765601118537
0.595951554019
0.704765628991
0.823211582703
0.557239184739
0.100931300301
0.250499682608
0.0249552535058
0.785839826772
0.861605452724
0.254832876071
0.507801951844
0.415907377106
0.873322766208
0.0889674224566
0.552974929017
0.822579377418
0.901852491882
0.157316124325
0.119121833559
0.662469217168
0.680959918069
0.164876707202
0.843566270665
0.87122647627
0.507756239142
0.498624970224
0.158924440893
0.746829321061
0.790680718112
0.878705341957
0.896805178394
0.341367718933
0.690526920543
0.874439319409
0.0491978596303
0.223103904314
0.0513058245208
0.257066577181
0.848864568544
0.701737667908
0.639710536107
0.704705266923
0.226742635561
0.0121106819125
0.0919054458183
0.915275772701
0.256404006858
0.760818921485
0.512425780081
0.58165389824
0.65956188429
0.524613031658
0.212914310401
0.310954122377
0.763962447804
0.425456741699
0.317013210645
0.821240789253
0.598612937074
0.390086187534
0.574221230345
0.715632240614
0.514053740812
0.549929530347
0.452187937126
0.306251596405
0.786033736008
0.202772364013
0.0957608761607
0.272791905498
0.318650612486
0.876236521852
0.152538520665
0.894012187036
0.413351846397
0.319692351958
0.619167054773
0.760812143769
0.123992628191
0.486975065211
0.499584150992
0.196040937081
0.553925987493
0.103757243308
0.443370853247
0.445304729923
0.920308321437
0.534889945248
0.414816728348
0.820750026116
0.603757351884
0.18763996934
0.136827192698
0.549624553945
0.25043532293
0.97459091436
0.866237030849
0.265968038077
0.334870453012
0.875649156631
0.324748546918
0.486421007812
0.771905175704
0.467112663155
0.072754732015
0.026517204223
0.996572978286
0.954017629749
0.189264371693
0.0191726728559
0.321455779804
0.614217978222
0.895082676852
0.947044317238
0.328720776268
0.447093506051
0.903278319787
0.85178577772
0.397176302222
0.882481920147
0.172173360604
0.73848410039
0.688181993714
0.0506345876054
0.475061334906
0.568869535084
0.658886585997
0.872918183484
0.892562826495
0.460537882596
0.617995164545
0.523353003658
0.0394302876642
0.252112282414
0.0391346257493
0.00443294633211
0.666422017454
0.599943326754
0.919435710373
0.78000611932
0.176832744626
0.327302912395
0.553142981372
0.982178074795
0.251383230936
0.630365507102
0.767306262685
0.719376464561
0.819738150911
0.488619420623
0.845386995974
0.826107637888
0.479480824974
0.463692466632
0.413598934184
0.925675523884
0.320600423204
0.207201476658
0.641446190588
0.615445118509
0.58933354687
0.133073194662
0.959891165398
0.0150070704675
0.74923032202
0.431356610099
0.696489434044
0.600097286361
0.0971241826353
0.295953593068
0.116637520264
0.851290912719
0.276202136738
0.181395832305
0.0554961894673
0.498772297458
0.332139652651
0.496733712
0.582929274076
0.304641982856
0.918167689789
0.574126081966
0.44723831685
0.982488184125
0.563231145647
0.417909676516
0.695828119466
0.587742442743
0.153060267969
0.114382141681
0.15009359475
0.196618077253
0.508977596723
0.932856889851
0.747155992899
0.227231522238
0.437943197415
0.372854915761
0.905988413649
0.206374304415
0.251732446279
0.292516129937
0.626745619648
0.811020089219
0.506841525573
0.972844163932
0.474263900832
0.212459251623
0.160819027353
0.756426224851
0.472516670413
0.58191604012
0.0162501977474
0.275161516907
0.959128504046
0.0494587019483
0.53480594112
0.522594436304
0.859988748807
0.10137372522
0.403614404772
0.207998799085
0.452708815513
0.654680815229
0.0316040843244
0.864075506254
0.831213335055
0.517044181327
0.417726459199
0.332423045378
0.36063826143
0.912428182692
0.496230196565
0.345621378179
0.530618656227
0.717919090501
0.761977831422
0.730214378773
0.348016808585
0.382223953651
0.724396218332
0.241842390965
0.123088917621
0.233012093843
0.894605423408
0.955558207966
0.44781382601
0.472274369914
0.348185220912
0.704300002713
0.614939186472
0.575191698291
0.974344467653
0.39503613928
0.943593910114
0.402317172609
0.937484564475
0.143787806117
0.097216202357
0.135393403607
0.198459747145
0.640775925689
0.227194775186
0.575427236568
0.755792833014
0.694508989195
0.114473491409
0.0890470734365
0.943778069517
0.718815700699
0.904640245457
0.226847566246
0.371484334421
0.509494161151
0.269526153996
0.0757761699389
0.46798668232
0.263704202497
0.0799754456673
0.212684117988
0.386006048842
0.698894840729
0.39859006534
0.274394734214
0.652761226392
0.394114266548
0.87651756426
0.938979030967
0.930319545708
0.66608381441
0.257440200846
0.738796707005
0.703325627415
0.936377153226
0.310898854734
0.146620420708
0.706368245194
0.940849687031
0.240051244983
0.772612531011
0.891337526922
0.188735494824
0.372480800448
0.939687441409
0.2900934754
0.909790489722
0.43846561264
0.617312558477
0.416957599549
0.30369723137
0.600701278402
0.958656606915
0.607118935943
0.592437900495
0.0901968424079
0.583414705278
0.363281964862
0.471067802566
0.309650535567
0.568364315204
0.530029051552
0.239224806015
0.780869905602
0.27270181132
0.39985366193
0.322440103139